% 100 white, 100 black
n=50
p=1/2
q=1/2
% 15<m<35
% -10<m-25<10
% -1/5<m/50-1/2<1/5
% |m/50-1/2|<1/5
epsilon=1/5
P=1-(p*q)/(n*epsilon^2)
% 0.8750