n=10000
p=1/6
q=1-p
epsilon=0.01
% P(|m/10000-1/6|<0.01)
P=1-(p*q)/(n*epsilon^2)
% 0.8611