PA=0.75
PB=0.8
PC=0.9
PABC=PA*PB*PC
% 0.5400