% 10 - white
% 15 - black
% 20 - blue
% 25 - red
% 70 - Total

p_w=10/70
p_bk=15/70
p_bu_=20/70
p_r=25/70
p_w_bk=(10+15)/70
p_bu_r=(20+25)/70
p_w_bk_bu=(10+15+20)/70
