p1=0.5^3
p2=3*p1
% 0.3750