p0=0.03
p=(1-0.03)^4
p=1-0.03*4
% 0.8800