A=[3 5 7; 2 -1 0; 4 3 2]
B=[1 2 4; 2 3 -2; -1 0 1]
C=A+B