A=[3 5; 4 1]
B=[2 3; 1 -2]
C=2*A+5*B