A=[3 2 2; 1 3 1; 5 3 4]

A1=A^(-1)
    