A=[1 1 2; 1 3 1; 4 1 1]
E=[1 0 0; 0 1 0; 0 0 1]

B=2*A^2+3*A+5*E