A=[1 3 1; 2 0 4; 1 2 3]
B=[2 1 0; 1 -1 2; 3 2 1]

AB=A*B

BA=B*A