A=[2 3 2; 1 2 -3; 3 4 1]
B=[9; 14; 16]

X=A^(-1)*B