A=[3 2; 1 4]

A3=A^3