A=[10 20 -30; 0 10 20; 0 0 10]

B=A^(-1)
%    0.1000   -0.2000    0.7000
%         0    0.1000   -0.2000
%         0         0    0.1000