A=[3 4 0;0 5 6;1 0 2]
V=[11;28;7]

R=A^(-1)*V
R.'
%     1.0000    2.0000    3.0000