A=[5 8 4;3 2 5;7 6 0]

E=eye(3)
B=E-A
%    -4    -8    -4
%    -3    -1    -5
%    -7    -6     1