A=[2 1 1;1 2 1;1 1 2]
E=eye(3)

B=A^2+A+E
%     9     6     6
%     6     9     6
%     6     6     9