% 1+2=3
% 1+3=4
% 1+4=5
% 2+3=5
% 2+4=6
% 3+4=7
% 6 cases => p=1/6
x=[3 4 5 6 7]
p=[1/6 1/6 1/6 1/6 1/6]