x=[10 20 30 40 50 60]
p=[0.24 0.36 0.20 0.15 0.03 0.02]

% M=20