p=2/3
n=15

MX=n*p
% 10
DX=n*p*(1-p)
% 3.3333
