n=40
p=1/7
q=1-p

L1=n*p-q
% 4.8571
L2=n*p+p
% 4.8571
% m=5