n=14
p=10/50
q=1-p

L1=n*p-q
% 2
L2=n*p+p
% 3
% 2<m0<3