n=25
p=0.7
q=1-p

L1=n*p-q
% 17.2
L2=n*p+p
% 18.2
% 17.2<=m0<=18.2 => m0=18