n=20
p=0.75
q=1-p

L1=n*p-q
% 14.7500
L2=n*p+p
% 15.7500
% m=15