n=100
p=0.6
q=1-p

L1=n*p-q
% 59.6000
L2=n*p+p
% 60.6000
% m0=60