n=120
p=0.94
q=1-p

L1=n*p-q
% 112.7400
L2=n*p+p
% 113.7400
% m0=113

n=140
p=0.8
q=1-p

L1=n*p-q
% 111.8000
L2=n*p+p
% 112.8000
% m0=112