m0=11
p=100/180
q=1-p

% n*p-q<=n<=n*p+p =>
% (m0-p)/p<=n<=(m0+q)/p

L1=(m0-p)/p
% 18.8000
L2=(m0+q)/p
% 20.6000
% n1=19,n2=20
