% 2x+3y-3z+4t=7
% 2x+y-z+2t=5
% 6x+2y+z=4
% 2x+3y-5t=-11

A=[2 3 -3 4; 2 1 -1 2; 6 2 1 0; 2 3 0 -5]
B=[7; 5; 4; -11]

slv=A^(-1)*B
% [1 -1 0 2]