% x+2y=5
% 3y+4z=18
% 5z+6u=39
% 7u+8v=68
% 9v+10x=55

A=[1 2 0 0 0; 0 3 4 0 0; 0 0 5 6 0; 0 0 0 7 8; 10 0 0 0 9]
B=[5; 18; 39; 68; 55]

slv=A^(-1)*B
% [1 2 3 4 5]