m=10
n=10
P=m/n
% 1