P0=1/2
P=P0*P0
% 0.2500
