% All - 2000
% 1 - 1000
% 4 - 500
% 10 - 200
% 20 - 100
% 165 - 50
% 400 - 10
n=2000
m=1+4+10+20
% 35
P=m/n
% 0.0175