% 1000
% 500 win
% 500 fail

P0=500/1000

P=P0*P0
% 0.2500